Puzzles:9
876900000010000000040305800400000210090500000050040306029000008004690173000001004
700800160000070003405000908100069000000001650030000000004000800950006007000200030
080000005094060000100000060000700013450009207003004000500000090940000821000082000
003040500708000903200000006607000010510007000000020300005004000070100000004058000
050240000003000500040053600090000000300000206402000037000605800007820000500000070
100000900705000831000400007056004000000590000078003000030960000000000502400000009
000000070200800000700052900060300050000597800030080010002030060000060400900708000
400000013050009000009000040080620000500000067090000800008700100200000406063005000
409010038000030050860900001000000006038000020000020873510080002020605000000000000
